MEME version 4

ALPHABET= ACGT

strands: + -

Background letter frequencies
A 0.25 C 0.25 G 0.25 T 0.25

MOTIF AHR.H12CORE.0.P.B
letter-probability matrix: alength= 4 w= 10 nsites= 1003
0.1754735792622134	0.3060817547357926	0.390827517447657	0.127617148554337
0.1874376869391824	0.3619142572283151	0.1515453639082752	0.2991026919242273
0.1016949152542373	0.1326021934197408	0.3758723828514456	0.3898305084745763
0.1176470588235294	0.0588235294117647	0.0907278165503489	0.732801595214357
0.0079760717846461	0.0667996011964108	0.8414755732801595	0.0837487537387837
0.0029910269192423	0.9830508474576272	0.0009970089730808	0.0129611166500499
0.0089730807577268	0.0019940179461615	0.9830508474576272	0.0059820538384846
0.0019940179461615	0.0	0.0	0.9980059820538385
0.0009970089730808	0.0	0.9990029910269193	0.0
0.1475573280159521	0.7477567298105683	0.0079760717846461	0.0967098703888335
URL https://hocomoco12.autosome.org/motif/AHR.H12CORE.0.P.B

MOTIF AHRR.H12CORE.0.P.C
letter-probability matrix: alength= 4 w= 11 nsites= 1002
0.0728542914171657	0.1417165668662675	0.2704590818363273	0.5149700598802395
0.1167664670658683	0.1317365269461078	0.0708582834331337	0.6806387225548902
0.029940119760479	0.0968063872255489	0.7465069860279442	0.1267465069860279
0.0149700598802395	0.9481037924151696	0.0049900199600798	0.031936127744511
0.0878243512974052	0.0129740518962076	0.8942115768463074	0.0049900199600798
0.0039920159680639	0.000998003992016	0.0	0.9950099800399201
0.0	0.0	0.9610778443113772	0.0389221556886228
0.2445109780439121	0.6207584830339321	0.0049900199600798	0.1297405189620758
0.1656686626746507	0.4241516966067864	0.3223552894211577	0.0878243512974052
0.6467065868263473	0.0359281437125749	0.1217564870259481	0.1956087824351297
0.2914171656686627	0.1586826347305389	0.3872255489021956	0.1626746506986028
URL https://hocomoco12.autosome.org/motif/AHRR.H12CORE.0.P.C

MOTIF ALX1.H12CORE.0.SM.B
letter-probability matrix: alength= 4 w= 20 nsites= 7125
0.2287719298245614	0.3162105263157895	0.3014736842105263	0.1535438596491228
0.212280701754386	0.2473684210526316	0.3983859649122807	0.1419649122807018
0.0694736842105263	0.4499649122807017	0.2277894736842105	0.2527719298245614
0.0213333333333333	0.0332631578947368	0.0032280701754386	0.9421754385964912
0.9755789473684211	0.000280701754386	0.0227368421052632	0.0014035087719298
1.0	0.0	0.0	0.0
0.000280701754386	0.0112280701754386	0.0004210526315789	0.9880701754385965
0.0	0.1612631578947368	0.0126315789473684	0.8261052631578948
0.6249824561403509	0.0571228070175439	0.1672982456140351	0.1505964912280702
0.4512280701754386	0.0604912280701754	0.4867368421052631	0.0015438596491228
0.784140350877193	0.0474385964912281	0.120280701754386	0.048140350877193
0.008140350877193	0.0263859649122807	0.0213333333333333	0.944140350877193
0.0404210526315789	0.0710175438596491	0.0175438596491228	0.8710175438596491
0.8864561403508772	0.0190877192982456	0.0492631578947368	0.0451929824561404
0.3643508771929825	0.1877894736842105	0.3487719298245614	0.0990877192982456
0.1466666666666667	0.296140350877193	0.2039298245614035	0.3532631578947368
0.1647719298245614	0.239719298245614	0.263719298245614	0.3317894736842105
0.2209122807017544	0.2888421052631579	0.2941754385964912	0.1960701754385965
0.2153684210526316	0.2893333333333333	0.2974736842105263	0.1978245614035088
0.2036491228070176	0.2872982456140351	0.2933333333333333	0.215719298245614
URL https://hocomoco12.autosome.org/motif/ALX1.H12CORE.0.SM.B
