>CGTRNAAARTGA	ABF1/SacCer-Promoters/Homer	6.927001	-293.067950	0	T:610.0(17.03%),B:2214.1(5.67%),P:1e-127
0.001	0.962	0.036	0.001
0.001	0.001	0.997	0.001
0.036	0.001	0.001	0.962
0.326	0.150	0.429	0.095
0.188	0.294	0.280	0.239
0.408	0.181	0.187	0.224
0.420	0.126	0.243	0.212
0.426	0.274	0.187	0.112
0.535	0.001	0.463	0.001
0.037	0.331	0.001	0.631
0.001	0.001	0.905	0.093
0.980	0.018	0.001	0.001
>TCACGTGAYH	Cbf1(bHLH)/Yeast-Cbf1-ChIP-Seq(GSE29506)/Homer	7.096281	-948.836857	0	T:260.0(88.14%),B:722.9(1.74%),P:1e-412	Tpos:50.5,Tstd:10.0,Bpos:47.6,Bstd:48.7,StrandBias:-0.1,Multiplicity:1.09
0.067	0.105	0.220	0.608
0.004	0.989	0.006	0.001
0.978	0.009	0.007	0.006
0.007	0.931	0.001	0.061
0.032	0.010	0.957	0.001
0.001	0.005	0.005	0.989
0.001	0.003	0.979	0.017
0.790	0.116	0.062	0.032
0.146	0.438	0.033	0.383
0.231	0.340	0.150	0.279
>CTYTCTYTCTCTCTC	GAGA-repeat/SacCer-Promoters/Homer	4.874379	-111.304626	0	T:2456.0(68.58%),B:22092.4(56.61%),P:1e-48
0.091	0.563	0.083	0.263
0.083	0.075	0.064	0.778
0.075	0.495	0.075	0.355
0.057	0.069	0.057	0.817
0.103	0.615	0.074	0.208
0.022	0.088	0.064	0.826
0.084	0.488	0.048	0.380
0.070	0.152	0.060	0.718
0.066	0.754	0.040	0.140
0.062	0.101	0.061	0.776
0.048	0.777	0.049	0.126
0.035	0.053	0.065	0.847
0.065	0.735	0.062	0.138
0.065	0.092	0.069	0.774
0.104	0.503	0.066	0.327
>CCCACGTGCT	Pho2(bHLH)/Yeast-Pho2-ChIP-Seq(GSE29506)/Homer	6.967668	-87.277171	0	T:58.0(15.34%),B:679.8(1.56%),P:1e-37	Tpos:54.2,Tstd:22.6,Bpos:43.0,Bstd:41.4,StrandBias:0.1,Multiplicity:1.05
0.116	0.493	0.261	0.129
0.068	0.681	0.152	0.099
0.049	0.879	0.049	0.023
0.862	0.001	0.054	0.083
0.026	0.950	0.023	0.001
0.001	0.001	0.997	0.001
0.028	0.026	0.023	0.923
0.075	0.001	0.923	0.001
0.109	0.696	0.096	0.099
0.063	0.194	0.143	0.600
>AAGCACGTGBGD	Pho4(bHLH)/Yeast-Pho4-ChIP-Seq(GSE29506)/Homer	7.293674	-157.818633	0	T:51.0(35.42%),B:326.9(0.77%),P:1e-68	Tpos:51.2,Tstd:9.4,Bpos:46.3,Bstd:47.6,StrandBias:-0.5,Multiplicity:1.02
0.518	0.072	0.194	0.216
0.560	0.144	0.295	0.001
0.072	0.360	0.567	0.001
0.001	0.997	0.001	0.001
0.997	0.001	0.001	0.001
0.001	0.997	0.001	0.001
0.001	0.001	0.997	0.001
0.001	0.001	0.001	0.997
0.001	0.001	0.997	0.001
0.001	0.338	0.301	0.360
0.216	0.151	0.496	0.137
0.301	0.144	0.208	0.347
>KCCGGGTAAYRR	REB1/SacCer-Promoters/Homer	7.854875	-244.684122	0	T:408.0(11.39%),B:1234.4(3.16%),P:1e-106
0.226	0.087	0.390	0.297
0.185	0.486	0.191	0.139
0.261	0.613	0.012	0.114
0.027	0.001	0.971	0.001
0.001	0.016	0.982	0.001
0.021	0.017	0.961	0.001
0.012	0.001	0.005	0.982
0.808	0.048	0.088	0.056
0.946	0.001	0.048	0.005
0.179	0.433	0.086	0.302
0.453	0.131	0.333	0.083
0.384	0.177	0.297	0.142
>WTTTTCYYTTTT	RLR1?/SacCer-Promoters/Homer	9.493372	-140.097495	0	T:1264.0(35.30%),B:9001.5(23.07%),P:1e-60
0.437	0.226	0.029	0.309
0.133	0.120	0.053	0.694
0.001	0.001	0.146	0.852
0.001	0.001	0.001	0.997
0.001	0.088	0.001	0.910
0.041	0.651	0.001	0.307
0.206	0.361	0.038	0.396
0.245	0.318	0.001	0.436
0.056	0.153	0.139	0.652
0.001	0.001	0.001	0.997
0.001	0.001	0.001	0.997
0.001	0.062	0.001	0.936
>DDAAAAATTTTY	SFP1/SacCer-Promoters/Homer	9.714717	-180.379485	0	T:474.0(13.24%),B:1969.1(5.05%),P:1e-78
0.225	0.158	0.301	0.316
0.285	0.169	0.333	0.213
0.612	0.058	0.329	0.001
0.937	0.061	0.001	0.001
0.997	0.001	0.001	0.001
0.967	0.016	0.001	0.016
0.643	0.022	0.007	0.328
0.293	0.010	0.051	0.646
0.001	0.001	0.001	0.997
0.030	0.001	0.051	0.918
0.001	0.062	0.044	0.893
0.068	0.461	0.040	0.432
>CCCCGCGC	SUT1?/SacCer-Promoters/Homer	3.552003	-93.218341	0	T:1404.0(39.21%),B:11222.4(28.76%),P:1e-40
0.069	0.877	0.011	0.043
0.133	0.686	0.100	0.081
0.042	0.749	0.126	0.083
0.101	0.635	0.115	0.149
0.006	0.114	0.663	0.217
0.066	0.834	0.028	0.072
0.021	0.186	0.723	0.070
0.024	0.836	0.023	0.117
>BBHWTATATA	TATA-box/SacCer-Promoters/Homer	6.739647	-90.601947	0	T:1092.0(30.49%),B:8221.7(21.07%),P:1e-39
0.162	0.349	0.225	0.263
0.143	0.321	0.245	0.291
0.210	0.309	0.162	0.319
0.289	0.192	0.168	0.351
0.001	0.192	0.001	0.806
0.714	0.001	0.001	0.284
0.001	0.001	0.001	0.997
0.947	0.001	0.001	0.051
0.208	0.125	0.005	0.662
0.750	0.246	0.001	0.003
>GCGATGAGMT	TOD6?/SacCer-Promoters/Homer	8.080032	-197.973277	0	T:289.0(8.07%),B:774.3(1.98%),P:1e-85
0.044	0.017	0.891	0.048
0.340	0.513	0.070	0.077
0.011	0.025	0.928	0.036
0.901	0.052	0.020	0.027
0.025	0.048	0.036	0.891
0.030	0.050	0.897	0.023
0.908	0.041	0.035	0.016
0.020	0.059	0.887	0.034
0.361	0.424	0.141	0.074
0.085	0.050	0.097	0.768
