MEME version 4

ALPHABET= ACGT

strands: + -

Background letter frequencies
A 0.25 C 0.25 G 0.25 T 0.25

MOTIF filter0
letter-probability matrix: alength= 4 w= 16 
0.13304410701373826	0.18655097613882862	0.5213304410701374	0.15907447577729572
0.14389009399855388	0.0911062906724512	0.373825018076645	0.39117859725235
0.23282718727404195	0.2603036876355748	0.3470715835140998	0.15979754157628345
0.10484454085321765	0.13665943600867678	0.22198120028922633	0.5365148228488793
0.04266088214027477	0.7136659436008677	0.16268980477223427	0.08098336948662328
0.227765726681128	0.1554591467823572	0.09472161966738973	0.5220535068691251
0.09761388286334056	0.1742588575560376	0.3868402024584237	0.34128705712219815
0.4121475054229935	0.37093275488069416	0.0455531453362256	0.17136659436008678
0.3318872017353579	0.3123644251626898	0.3297180043383948	0.026030368763557483
0.17064352856109907	0.21619667389732466	0.10267534345625452	0.5104844540853217
0.1019522776572668	0.21691973969631237	0.5878524945770065	0.09327548806941431
0.14822848879248013	0.39117859725235	0.19161243673174258	0.26898047722342733
0.4909616775126536	0.1294287780187997	0.34345625451916123	0.036153289949385395
0.19378163412870572	0.12147505422993492	0.514822848879248	0.16992046276211134
0.20535068691250905	0.0455531453362256	0.6283441793203182	0.12075198843094721
0.2299349240780911	0.22487346348517714	0.25524222704266086	0.28994938539407084

MOTIF filter1
letter-probability matrix: alength= 4 w= 16 
0.04298291040911445	0.5567063697566028	0.352667011910927	0.047643707923355774
0.092180217503884	0.15846711548420508	0.4391506991196271	0.31020196789228377
0.33350595546349043	0.13982392542723976	0.354738477472812	0.1719316416364578
0.1506991196271362	0.3656136716727084	0.10046607975142413	0.3832211289487312
0.37286380113930606	0.055929570170895906	0.21905748316934232	0.35214914552045573
0.49145520455722425	0.2858622475401347	0.03469704816157431	0.1879854997410668
0.3138270326255826	0.25375453133091663	0.14396685655100985	0.28845157949249095
0.0683583635422061	0.6861729673744174	0.09114448472294148	0.15432418436043502
0.11859140341791817	0.2288969445882962	0.2615225271879855	0.3909891248058001
0.15743138270326257	0.44899016053858104	0.11548420507509062	0.2780942516830658
0.10616261004660797	0.44640082858622476	0.12377006732263077	0.3236664940445365
0.14293112377006734	0.3003625064733299	0.3593992749870533	0.19730709476954947
0.08285862247540135	0.035732780942516834	0.3997928534438115	0.4816157431382703
0.08855515277058519	0.31020196789228377	0.48058001035732784	0.12066286897980322
0.03728638011393061	0.31020196789228377	0.3723459347488348	0.2801657172449508
0.3935784567581564	0.10098394614189539	0.13360952874158466	0.3718280683583635

MOTIF filter2
letter-probability matrix: alength= 4 w= 16 
0.0913006835846053	0.37990448543871147	0.2335424665230827	0.29525236445360054
0.2523644536005244	0.14064987358366887	0.3534038767674876	0.25358179604831915
0.4490120797827512	0.1885007959546774	0.07547523176327371	0.2870118924992977
0.4292536754377751	0.12679089802415958	0.24768236726285234	0.19627305927521305
0.45425601648094394	0.15600711677123327	0.15937821893435716	0.23035864781346568
0.134094952710928	0.21762337297499765	0.40088023223148234	0.24740144208259202
0.18250772544245716	0.21200486936979118	0.39404438617848114	0.21144301900927054
0.3389830508474576	0.05936885476168181	0.36098885663451635	0.24065923775634424
0.060867122389736864	0.35087555014514465	0.19702219308924057	0.39123513437587787
0.0600243468489559	0.22754939601086244	0.37344320629272404	0.3389830508474576
0.3328026968817305	0.13905796422886038	0.35377844367450134	0.17436089521490777
0.28261073134188597	0.17735743047101787	0.2748384680213503	0.26519337016574585
0.30798763929206857	0.15525798295720572	0.3842120048693698	0.15254237288135594
0.17501638730218186	0.29431594718606613	0.19692855136248713	0.33373911414926494
0.21696788088772356	0.2209008334113681	0.12791459874520086	0.4342166869557075
0.21724880606798389	0.30368011986141025	0.29909167525049163	0.17997939882011424

MOTIF filter3
letter-probability matrix: alength= 4 w= 16 
0.3895522388059702	0.1251599147121535	0.29680170575692966	0.18848614072494668
0.24690831556503198	0.054371002132196165	0.2769722814498934	0.42174840085287846
0.4812366737739872	0.12985074626865672	0.19936034115138593	0.18955223880597014
0.07739872068230277	0.20426439232409382	0.32963752665245205	0.3886993603411514
0.20319829424307037	0.17249466950959488	0.27078891257995735	0.3535181236673774
0.3816631130063966	0.32771855010660983	0.2658848614072495	0.024733475479744138
0.43710021321961623	0.076545842217484	0.22729211087420043	0.25906183368869934
0.19424307036247335	0.13987206823027717	0.3194029850746269	0.3464818763326226
0.3204690831556503	0.1816631130063966	0.17078891257995735	0.3270788912579957
0.16673773987206822	0.2974413646055437	0.08230277185501066	0.4535181236673774
0.38230277185501066	0.21108742004264391	0.18017057569296374	0.22643923240938166
0.22622601279317697	0.07633262260127932	0.4051172707889126	0.2923240938166311
0.0744136460554371	0.58272921108742	0.2722814498933902	0.07057569296375267
0.21982942430703625	0.21257995735607677	0.3980810234541578	0.1695095948827292
0.37697228144989336	0.06034115138592751	0.4277185501066098	0.1349680170575693
0.4353944562899787	0.04072494669509595	0.2115138592750533	0.31236673773987206

MOTIF filter4
letter-probability matrix: alength= 4 w= 16 
0.46613545816733065	0.10557768924302789	0.05079681274900399	0.37749003984063745
0.1802788844621514	0.42828685258964144	0.3286852589641434	0.06274900398406374
0.39143426294820716	0.3286852589641434	0.1902390438247012	0.08964143426294821
0.2340637450199203	0.4123505976095618	0.2739043824701195	0.0796812749003984
0.17729083665338646	0.1205179282868526	0.3346613545816733	0.36752988047808766
0.13645418326693226	0.18725099601593626	0.3884462151394422	0.28784860557768926
0.19721115537848605	0.05876494023904383	0.701195219123506	0.04282868525896414
0.10856573705179283	0.23804780876494025	0.36354581673306774	0.2898406374501992
0.029880478087649404	0.05179282868525897	0.6245019920318725	0.29382470119521914
0.3047808764940239	0.19123505976095617	0.3107569721115538	0.19322709163346613
0.10856573705179283	0.10159362549800798	0.7051792828685259	0.0846613545816733
0.3097609561752988	0.13147410358565736	0.06673306772908366	0.49203187250996017
0.17828685258964144	0.24402390438247012	0.44322709163346613	0.1344621513944223
0.7559760956175299	0.12151394422310757	0.044820717131474105	0.07768924302788845
0.33266932270916333	0.301792828685259	0.19621513944223107	0.1693227091633466
0.32171314741035856	0.26095617529880477	0.36254980079681276	0.054780876494023904

MOTIF filter5
letter-probability matrix: alength= 4 w= 16 
0.07984790874524715	0.40161596958174905	0.24904942965779467	0.26948669201520914
0.10503802281368821	0.6687262357414449	0.1487642585551331	0.07747148288973384
0.17157794676806085	0.6026615969581749	0.07034220532319392	0.15541825095057035
0.3826045627376426	0.23716730038022812	0.2647338403041825	0.11549429657794677
0.10979087452471482	0.12262357414448669	0.4615019011406844	0.3060836501901141
0.35551330798479086	0.11929657794676807	0.16682509505703422	0.3583650190114068
0.07984790874524715	0.14211026615969582	0.14401140684410646	0.6340304182509505
0.3987642585551331	0.14306083650190113	0.04515209125475285	0.4130228136882129
0.37880228136882127	0.1211977186311787	0.23336501901140685	0.2666349809885932
0.05370722433460076	0.5384980988593155	0.15446768060836502	0.25332699619771865
0.25	0.3445817490494297	0.12452471482889733	0.280893536121673
0.2908745247148289	0.4063688212927757	0.05275665399239544	0.25
0.33127376425855515	0.405893536121673	0.15494296577946767	0.10788973384030419
0.5023764258555133	0.20247148288973385	0.19724334600760457	0.0979087452471483
0.16777566539923955	0.13212927756653992	0.5408745247148289	0.15922053231939162
0.23811787072243346	0.17157794676806085	0.17490494296577946	0.41539923954372626

MOTIF filter6
letter-probability matrix: alength= 4 w= 16 
0.7555555555555555	0.12222222222222222	0.0625	0.059722222222222225
0.07777777777777778	0.26805555555555555	0.05	0.6041666666666666
0.3013888888888889	0.09305555555555556	0.06388888888888888	0.5416666666666666
0.12777777777777777	0.16527777777777777	0.059722222222222225	0.6472222222222223
0.4027777777777778	0.17083333333333334	0.3416666666666667	0.08472222222222223
0.4652777777777778	0.2972222222222222	0.17916666666666667	0.058333333333333334
0.16666666666666666	0.075	0.5763888888888888	0.18194444444444444
0.21944444444444444	0.25972222222222224	0.3347222222222222	0.18611111111111112
0.12361111111111112	0.3736111111111111	0.03194444444444444	0.4708333333333333
0.47638888888888886	0.18333333333333332	0.1486111111111111	0.19166666666666668
0.19305555555555556	0.3611111111111111	0.28888888888888886	0.15694444444444444
0.17083333333333334	0.5013888888888889	0.19444444444444445	0.13333333333333333
0.6541666666666667	0.07916666666666666	0.17083333333333334	0.09583333333333334
0.058333333333333334	0.20555555555555555	0.2263888888888889	0.5097222222222222
0.3013888888888889	0.11944444444444445	0.07361111111111111	0.5055555555555555
0.39166666666666666	0.28055555555555556	0.175	0.1527777777777778

MOTIF filter7
letter-probability matrix: alength= 4 w= 16 
0.4025900900900901	0.10754504504504504	0.12443693693693694	0.36542792792792794
0.33783783783783783	0.11204954954954954	0.39864864864864863	0.15146396396396397
0.22747747747747749	0.06925675675675676	0.40146396396396394	0.30180180180180183
0.028153153153153154	0.43355855855855857	0.3158783783783784	0.22240990990990991
0.11936936936936937	0.1981981981981982	0.08220720720720721	0.6002252252252253
0.4617117117117117	0.07488738738738739	0.39245495495495497	0.07094594594594594
0.0731981981981982	0.6621621621621622	0.1356981981981982	0.12894144144144143
0.20777027027027026	0.42173423423423423	0.2775900900900901	0.0929054054054054
0.26182432432432434	0.3519144144144144	0.2533783783783784	0.13288288288288289
0.09572072072072071	0.08558558558558559	0.24605855855855857	0.5726351351351351
0.17567567567567569	0.13851351351351351	0.24662162162162163	0.4391891891891892
0.44876126126126126	0.24155405405405406	0.23254504504504506	0.07713963963963964
0.45157657657657657	0.07882882882882883	0.16272522522522523	0.30686936936936937
0.25506756756756754	0.19200450450450451	0.20157657657657657	0.35135135135135137
0.4780405405405405	0.029842342342342343	0.35867117117117114	0.13344594594594594
0.06756756756756757	0.4572072072072072	0.31024774774774777	0.16497747747747749

MOTIF filter8
letter-probability matrix: alength= 4 w= 16 
0.1120493666774927	0.03182851575186749	0.49788892497564147	0.35823319259499836
0.37349788892497565	0.06073400454693082	0.07892172783371225	0.4868463786943813
0.2257226372198766	0.25657681065280935	0.3708996427411497	0.14680090938616433
0.29197791490743746	0.13445924001299123	0.1399805131536213	0.43358233192594997
0.30919129587528416	0.46768431308866515	0.13218577460214356	0.09093861643390712
0.39558298148749593	0.14030529392659954	0.06105878531990906	0.40305293926599545
0.13510880155894772	0.31211432283208834	0.30139655732380644	0.2513803182851575
0.38129262747645337	0.09256252029879831	0.41344592400129915	0.11269892822344917
0.4189671971419292	0.13218577460214356	0.23611562195518027	0.212731406300747
0.41539460863916855	0.06917830464436506	0.3082169535563495	0.2072101331601169
0.2724910685287431	0.2150048717115947	0.35238713868139004	0.16011692107827216
0.040922377395258204	0.22702176031178956	0.6144852224748295	0.11757063981812277
0.2711919454368301	0.08996427411497239	0.4192919779149074	0.21955180253329004
0.29814874959402404	0.078596947060734	0.3033452419616759	0.3199090613835661
0.29522572263721986	0.09386164339071126	0.13738226696979539	0.47353036700227347
0.3251055537512179	0.2666450146151348	0.32283208834037025	0.08541734329327703

MOTIF filter9
letter-probability matrix: alength= 4 w= 16 
0.4115923450233495	0.2814760553062906	0.13322955773280834	0.1737020419375515
0.2702133504257852	0.36736562585843785	0.09577877483746909	0.26664224887830784
0.28724475780606173	0.27470011903671826	0.22855049903854957	0.20950462411867046
0.40728870982510756	0.09870890944052742	0.13222232396300704	0.36178005677135794
0.16015016939840673	0.4192839483563776	0.09559564142477794	0.3249702408204377
0.2368830693159967	0.21618899368189726	0.2601410127277722	0.28678692427433383
0.2518084424503251	0.24951927479168573	0.3315630436773189	0.16710923908067027
0.42514421756249426	0.17727314348502884	0.21499862649940482	0.18258401245307207
0.10530171229740866	0.22946616610200532	0.31205933522571194	0.3531727863748741
0.0867136709092574	0.32799194212984156	0.2812013551872539	0.3040930317736471
0.24100357110154746	0.14916216463693802	0.4704697372035528	0.13936452705796173
0.4488599945059976	0.2694808167750206	0.12141745261422947	0.1602417361047523
0.33980404724842045	0.3150810365351158	0.14559106308946068	0.19952385312700302
0.1629887372951195	0.32799194212984156	0.21664682721362513	0.2923724933614138
0.14778866404175442	0.3715776943503342	0.10575954582913652	0.37487409577877484
0.19183224979397492	0.0718798644812746	0.3717608277630254	0.36452705796172513

MOTIF filter10
letter-probability matrix: alength= 4 w= 16 
0.4637996733805117	0.09526401741970604	0.048448557430593356	0.3924877517691889
0.3478497550353838	0.04627109417528579	0.2493195427327164	0.356559608056614
0.08274360370168754	0.4387588459444747	0.170930865541644	0.3075666848121938
0.07947740881872618	0.41371801850843765	0.05280348394120849	0.45400108873162764
0.4409363091997823	0.3043004899292324	0.08274360370168754	0.17201959716929777
0.03483941208492107	0.17855198693522048	0.3451279259662493	0.44148067501360916
0.18454001088731628	0.5933587370713119	0.16113228089275994	0.06096897114861187
0.06804572672836146	0.5993467610234078	0.1110506260206859	0.2215568862275449
0.20195971692977682	0.19978225367446925	0.437125748502994	0.16113228089275994
0.2618399564507349	0.41045182362547633	0.09036472509526401	0.23734349482852476
0.21992378878606422	0.5095264017419706	0.11431682090364725	0.1562329885683179
0.5944474686989657	0.17474142623843222	0.10179640718562874	0.12901469787697334
0.21502449646162222	0.13826891671203048	0.4839412084921067	0.16276537833424062
0.21937942297223734	0.11703864997278171	0.2743603701687534	0.38922155688622756
0.2841589548176375	0.34403919433859553	0.23135547087642896	0.14044637996733805
0.2607512248230811	0.18181818181818182	0.39520958083832336	0.1622210125204137

MOTIF filter11
letter-probability matrix: alength= 4 w= 16 
0.1553973902728351	0.1874258600237248	0.5355871886120996	0.12158956109134045
0.06168446026097272	0.23962040332147094	0.32443653618030843	0.37425860023724794
0.27164887307236063	0.08481613285883749	0.5468564650059312	0.0966785290628707
0.46144721233689207	0.28825622775800713	0.11150652431791222	0.1387900355871886
0.03795966785290629	0.6156583629893239	0.2888493475682088	0.05753262158956109
0.2479240806642942	0.08718861209964412	0.3404507710557533	0.32443653618030843
0.49940688018979834	0.31198102016607354	0.046263345195729534	0.1423487544483986
0.18920521945432978	0.2099644128113879	0.1963226571767497	0.4045077105575326
0.2627520759193357	0.14827995255041518	0.29359430604982206	0.29537366548042704
0.3190984578884935	0.05516014234875445	0.19988137603795966	0.4258600237247924
0.06880189798339265	0.40569395017793597	0.4400948991696323	0.08540925266903915
0.4774614472123369	0.31969157769869516	0.1708185053380783	0.03202846975088968
0.03499406880189798	0.3291814946619217	0.4750889679715303	0.16073546856465007
0.18564650059311982	0.41755634638196915	0.1055753262158956	0.2912218268090154
0.11447212336892053	0.5047449584816133	0.13819691577698695	0.24258600237247924
0.14827995255041518	0.232502965599051	0.13048635824436536	0.4887307236061684

MOTIF filter12
letter-probability matrix: alength= 4 w= 16 
0.3977812995245642	0.31061806656101426	0.1774960380348653	0.11410459587955626
0.1434231378763867	0.44849445324881143	0.26465927099841524	0.1434231378763867
0.24960380348652933	0.37480190174326466	0.33518225039619653	0.04041204437400951
0.19255150554675118	0.36608557844690964	0.10063391442155309	0.34072900158478603
0.1814580031695721	0.41283676703645006	0.07131537242472266	0.33438985736925514
0.05467511885895404	0.4144215530903328	0.43502377179080826	0.09587955625990491
0.419175911251981	0.17036450079239301	0.17115689381933438	0.2393026941362916
0.05467511885895404	0.7812995245641838	0.059429477020602216	0.1045958795562599
0.5681458003169572	0.12282091917591126	0.019809825673534072	0.28922345483359746
0.21394611727416799	0.17432646592709986	0.06497622820919176	0.5467511885895404
0.10935023771790808	0.5190174326465927	0.0919175911251981	0.2797147385103011
0.27099841521394613	0.09984152139461172	0.4437400950871632	0.18541996830427893
0.24643423137876386	0.18225039619651348	0.4548335974643423	0.11648177496038035
0.5316957210776545	0.410459587955626	0.03724247226624406	0.020602218700475437
0.34072900158478603	0.3090332805071315	0.21473851030110935	0.13549920760697307
0.18541996830427893	0.3977812995245642	0.29556259904912835	0.12123613312202852

MOTIF filter13
letter-probability matrix: alength= 4 w= 16 
0.06824644549763033	0.16587677725118483	0.37819905213270144	0.3876777251184834
0.054976303317535544	0.38293838862559243	0.45876777251184836	0.1033175355450237
0.054976303317535544	0.6104265402843602	0.14691943127962084	0.1876777251184834
0.2037914691943128	0.2985781990521327	0.21421800947867298	0.2834123222748815
0.37725118483412323	0.34218009478672984	0.18009478672985782	0.1004739336492891
0.2739336492890995	0.2	0.21516587677725119	0.3109004739336493
0.6748815165876777	0.13364928909952606	0.14218009478672985	0.04928909952606635
0.21137440758293838	0.1014218009478673	0.5061611374407583	0.18104265402843603
0.06540284360189573	0.32796208530805687	0.3819905213270142	0.22464454976303316
0.08720379146919431	0.36018957345971564	0.12227488151658768	0.43033175355450237
0.034123222748815164	0.029383886255924172	0.4976303317535545	0.43886255924170614
0.14218009478672985	0.18293838862559242	0.6132701421800948	0.061611374407582936
0.23981042654028437	0.1848341232227488	0.08720379146919431	0.4881516587677725
0.33364928909952607	0.1990521327014218	0.17819905213270143	0.2890995260663507
0.04265402843601896	0.12511848341232226	0.23127962085308057	0.6009478672985782
0.08436018957345971	0.03886255924170616	0.3118483412322275	0.5649289099526066

MOTIF filter14
letter-probability matrix: alength= 4 w= 16 
0.1732011070110701	0.26706642066420666	0.21678966789667897	0.34294280442804426
0.3154981549815498	0.2004151291512915	0.1702029520295203	0.3138837638376384
0.35009225092250923	0.10493542435424354	0.22809040590405905	0.3168819188191882
0.3837638376383764	0.05212177121771218	0.2742158671586716	0.28989852398523985
0.22670664206642066	0.15567343173431733	0.5138376383763837	0.10378228782287822
0.046125461254612546	0.44764760147601473	0.08971402214022141	0.4165129151291513
0.19833948339483395	0.18104243542435425	0.49400369003690037	0.12661439114391143
0.46932656826568264	0.24584870848708487	0.09248154981549815	0.19234317343173432
0.13214944649446494	0.16259225092250923	0.3404059040590406	0.36485239852398527
0.11392988929889299	0.5382841328413284	0.18404059040590406	0.16374538745387454
0.17850553505535055	0.14898523985239853	0.38814575645756455	0.28436346863468637
0.05212177121771218	0.41351476014760147	0.38814575645756455	0.14621771217712176
0.12338560885608855	0.11185424354243542	0.31849630996309963	0.4462638376383764
0.27998154981549817	0.26545202952029523	0.0915590405904059	0.36300738007380073
0.1416051660516605	0.24861623616236161	0.2742158671586716	0.3355627306273063
0.2548431734317343	0.10678044280442804	0.1077029520295203	0.5306734317343174

MOTIF filter15
letter-probability matrix: alength= 4 w= 16 
0.1233474833232262	0.2912067919951486	0.3477258944815039	0.23771983020012127
0.39502728926622194	0.3364463311097635	0.09302607640994542	0.17550030321406912
0.2026682838083687	0.12480291085506368	0.36046088538508186	0.31206791995148575
0.2230442692540934	0.33147362037598543	0.35063674954517887	0.09484536082474226
0.10248635536688902	0.3090357792601577	0.13947847180109157	0.44899939357186175
0.24996967859308672	0.2077622801697999	0.20679199514857488	0.3354760460885385
0.23238326258338388	0.13195876288659794	0.40594299575500303	0.22971497877501515
0.14044875682231656	0.5338993329290479	0.10576106731352335	0.21989084293511219
0.2477865372953305	0.35657974530018194	0.2064281382656155	0.18920557913887204
0.11934505761067314	0.20412371134020618	0.24960582171012735	0.4269254093389933
0.3525773195876289	0.3530624620982414	0.12625833838690115	0.16810187992722864
0.14517889630078837	0.21528198908429352	0.10685263796240145	0.5326864766525167
0.1905397210430564	0.448271679805943	0.09326864766525167	0.26791995148574893
0.3590054578532444	0.17028502122498484	0.2115221346270467	0.2591873862947241
0.27628865979381445	0.3263796240145543	0.273862947240752	0.12346876895087933
0.32395391146149183	0.14348089751364462	0.43153426318981203	0.10103092783505155
